date,THE HONGKONG AND SHANGHAI BANKING,FUTU SECURITIES INTERNATIONAL,THE BANK OF EAST ASIA LTD,CHINA SECURITIES DEPOSITORY AND CLEARING,MORGAN STANLEY HONG KONG SECURITIES LTD,CITIBANK N.A.,CHINA SECURITIES DEPOSITORY AND CLEARING,INTERACTIVE BROKERS HONG KONG LTD,STANDARD CHARTERED BANK (HONG KONG) LTD,HANG SENG SECURITIES LTD
2024-03-01,47.858794887802624,20.858291862981943,0.0,3.9256182980369716,0.0,5.777290080858778,2.172190118580077,5.721666159720207,6.598667173107868,7.08748141891153
2024-03-04,47.40931203847443,20.997947015529174,0.0,4.049055441615663,0.0,5.831473270688864,2.178187300478882,5.702924018133585,6.677148478482528,7.1539524365968665
2024-03-05,47.609924152314385,20.999866840475022,0.0,3.676625907517074,0.0,5.863353512230525,2.218962311167717,5.720713222491085,6.716824793790776,7.193729260013424
2024-03-06,47.65173373822136,21.12781656367693,0.0,3.4746264065395556,0.0,5.899890835511582,2.170350800825089,5.721088781172916,6.755300297562456,7.199192576490115
2024-03-07,42.20055967647621,18.475210839398507,11.235222162720907,3.580880134464817,0.0,5.23150897725795,1.9942305662882909,5.050454068548404,5.874913551349438,6.357020023495479
2024-03-08,42.35691530088057,18.72496808437349,11.276209370355971,3.0882057253955977,0.0,5.257852534625136,1.9674756428502076,5.048799940369128,5.904594107001099,6.3749792941488
2024-03-11,42.290836852186914,18.558670513564557,11.254222382624231,3.352670866453263,0.0,5.259595974865332,2.0058823142152296,5.019715669604205,5.895433055307739,6.362972371178528
2024-03-12,42.31931422912593,18.497692534605317,11.267653686321802,3.302039222217286,0.0,5.264460098066151,2.007569766316755,5.068235295192574,5.902468934740581,6.370566233413603
2024-03-13,42.329755607276844,18.729336382686633,11.3086430921323,3.026988933105258,0.0,5.286494507565261,1.9120163394251488,5.0964571001354795,5.9175123677618835,6.392795669911192
2024-03-14,42.370122541087575,18.77893095379771,11.3809110325738,2.9120309919043357,0.0,5.3181069477568474,1.8671598997469026,5.100027220176628,5.906708622681878,6.366001790274326
2024-03-15,42.445298131930706,18.452987995372556,11.413829056309302,2.9975008919693478,0.0,5.3363843063758765,1.8717797781801142,5.180416815206936,5.923563588866005,6.37823943578915
2024-03-18,42.312102234997276,18.655668075198943,11.38680669614521,3.0376307082231997,0.0,5.32655919056068,1.8298337758403111,5.196716497637025,5.901065392342039,6.353617429055314
2024-03-19,42.342071322382886,18.511709275310448,11.383267915903481,3.01255728193917,0.0,5.327283432598545,1.8646739175401932,5.2707735329183585,5.919267905223727,6.36839541618319
2024-03-20,42.33717776623563,18.479678096903562,11.375942645600308,3.0747796245234533,0.0,5.323474766466057,1.871274123673598,5.260057198900922,5.9180746876042,6.359541090092277
2024-03-21,42.30338208190894,18.423886424390442,11.369251306730165,3.140202016289552,0.0,5.354325720811006,1.8990406141180332,5.236235784584261,5.910458871391772,6.363217179775827
2024-03-22,42.28967954714134,18.409601093144104,11.356716321581027,3.1892324117357704,0.0,5.353975407081637,1.91550435896845,5.234639281432847,5.905840855665228,6.3448107232496
2024-03-25,42.168964344958944,18.576174827728824,11.325137631775764,3.1154753997861926,0.0,5.340413277407872,1.9667843560670755,5.281706977041251,5.898884901898128,6.326458283335948
2024-03-26,42.078009495453564,18.510828877850567,11.264872735377681,3.3121874973037153,0.0,5.323422944581367,2.0439234461588343,5.191548612311437,5.925042968732877,6.350163422229957
2024-03-27,42.09788816791134,18.526407429049236,11.268165643560089,3.2225893681386544,0.0,5.331569134995439,2.082884517473705,5.191042095922681,5.934024029211899,6.345429613736952
2024-03-28,42.08633053381187,18.537908981215413,11.296026727521753,3.1568492703899107,0.0,5.3444213792549995,2.053728664791846,5.211380136075592,5.949875897516222,6.363478409422399
2024-04-02,42.16555125403976,18.54091424945015,11.283296100880516,3.1931206651212274,0.0,5.352538746218371,1.9577566548448597,5.199567885138948,5.949062273330955,6.358192170975209
2024-04-03,42.07769097724025,18.699510913225705,11.298724554904217,3.0435690882100097,0.0,5.366748788941355,1.948680944990749,5.229050214885073,5.978106253817987,6.357918263784655
2024-04-05,42.19018295304376,18.649083157030404,11.345258739845606,2.925439009514959,0.0,5.386482230516106,1.9267536774263867,5.2487852675657365,6.002442925935414,6.3255720391216315
2024-04-08,42.04983549384793,18.576998483077272,11.36910181922798,2.9815503003880583,0.0,5.398134861188917,1.9484705250839542,5.271214513674692,6.015057598412525,6.389636405098667
2024-04-09,42.02943321594536,18.586103210618464,11.376633400584662,2.982279635304131,0.0,5.389340292790236,1.948947152155011,5.245330979192407,6.047977401067999,6.393954712341723
2024-04-10,42.16170049504502,18.508378783775754,11.381800519409841,2.8697125343970975,0.0,5.390457312082645,2.013565706841586,5.224187600295844,6.055001720955405,6.39519532719681
2024-04-11,42.124026281172654,18.47644669999313,11.384791215426224,2.8601030302640194,0.0,5.3916360191515045,2.0128587737381585,5.22479968653769,6.121331671729294,6.404006621987328
2024-04-12,42.191756607556826,18.45059259313942,11.435207935735011,2.7587423626288836,0.0,5.414891740455723,1.992024472248408,5.246648088635855,6.159421988777679,6.350714210822199
2024-04-15,42.179106904540255,18.518117044355037,11.432322903540586,2.8002464869960466,0.0,5.387055035109464,1.9967253074819489,5.180401102573126,6.160254890361082,6.345770325042458
2024-04-16,42.16205460575401,18.513893352081702,11.418706232671466,2.810309523695544,0.0,5.38245056015181,2.050515118196927,5.117776763086826,6.163168993133137,6.381124851228584
2024-04-17,42.19802398622512,18.446107163623072,11.423706505964997,2.746952016654698,0.0,5.392201314213283,2.076885768296615,5.149640623727258,6.171830573288781,6.394652048006185
2024-04-18,42.064644839277264,18.27464488901078,11.321559929629538,3.265156377764188,0.0,5.362234463936178,2.1770703281222383,5.074898386208031,6.119008097428972,6.340782688622809
2024-04-19,42.25599967452875,18.412805887784764,11.37648539002273,2.859034663523864,0.0,5.388311450147673,2.1156960998277996,5.073092156579864,6.1531097531528935,6.365464924431663
2024-04-22,42.30140651979246,18.421566435327975,11.382837719032377,2.77666118899797,0.0,5.391320140965998,2.110367050183311,5.086427012911137,6.154359513936121,6.375054418852654
2024-04-23,42.317923877672044,18.376166004946064,11.352529433152506,2.8396963809293356,0.0,5.409003816727107,2.1246062715184633,5.058428378673276,6.1311005105974665,6.390545325783736
2024-04-24,42.174797167562744,18.410520116454723,11.393823692493896,2.7177417492052784,0.0,5.4878997394506905,2.111642766648638,5.148511660256091,6.153402082773391,6.401661025154544
2024-04-25,42.079070304532635,18.60019048573921,11.417594039481507,2.6478448642081878,0.0,5.500416641057591,2.0852082323992405,5.175465372695885,6.168247676555834,6.325962383329917
2024-04-26,41.81499542428509,18.502380409219537,11.414828672822214,3.0546563453683175,0.0,5.4771527305478145,2.0979575639582646,5.164962408498575,6.160794012883099,6.312272432417093
2024-04-29,41.97932003361329,18.270152458756247,11.478904097993272,2.9208929743871033,0.0,5.502524968464275,2.108313365232283,5.200730138824724,6.195327388569152,6.343834574159649
2024-04-30,41.81283173723839,18.257947723420227,11.505559395907076,2.9434246893436558,0.0,5.881500058546967,1.8599492820289636,5.267122800658732,6.116789342188086,6.354874970667898
2024-05-02,41.86951559366751,18.17632065143652,11.52000412379134,2.955836471129513,0.0,5.889124810935409,1.9170871809445378,5.20385944818676,6.110888393749587,6.357363326158828
2024-05-03,42.040081719191576,18.16487185324508,11.55619417348194,2.6581222413192633,0.0,5.907625474411886,1.9448001815758742,5.21813009124351,6.132501147451673,6.3776731180791995
2024-05-06,41.79009871197314,18.231637469884284,11.545214011881221,2.6555966164183666,0.0,6.142552695674171,1.9429523223279042,5.219639242190004,6.147282422128245,6.325026507522664
2024-05-07,41.22478082454663,17.89556176237412,11.53667732591016,2.652524196696769,0.0,6.495308850381701,1.9407044037259835,5.836816247670982,6.121707103427645,6.2959192852660175
2024-05-08,41.15285269621537,17.916987693244412,11.52184917124347,2.746555037264911,0.0,6.475463137066867,2.0057443781453084,5.811425650179602,6.077111317539628,6.292010919100431
2024-05-09,41.37626321329687,17.683094577902132,11.54213641655998,2.6699358889131894,0.0,6.462220962986537,2.088078721546808,5.817558909427209,6.064132277696375,6.29657903167089
2024-05-10,41.3355602182632,17.708766313727043,11.5279872670098,2.6313077692817926,0.0,6.457381861245011,2.1291108226146624,5.820205396094632,6.061756058305201,6.327924293458666
2024-05-13,41.49154890401253,17.594601133877582,11.57405316835087,2.51511869460407,0.0,6.43569585205651,2.126882790891536,5.840222834061308,6.0857370681482195,6.336139553997369
2024-05-14,41.72294820711702,17.586522287929633,11.690325614205582,2.581074231313405,0.0,6.461393852425912,2.155869349051843,5.6541747439617565,5.748632262309805,6.3990594516850425
2024-05-16,41.70112339916116,17.71721285662008,11.694889895308991,2.6175580454686695,0.0,6.5687322784065065,2.1085789239647275,5.548732450558336,5.648308820971,6.394863329540529
2024-05-17,41.71795639604107,17.598468110629657,11.716978936704749,2.6491838224333235,0.0,6.574138239343825,2.1242134253318943,5.572578145115188,5.644436864639345,6.402046059760955
2024-05-20,41.909645374383516,17.54887661703533,11.660605215325903,2.6476438750312967,0.0,6.5414363075323765,2.1208142916388306,5.604525460761935,5.611287081920097,6.355165776370712
2024-05-21,41.9877217793851,17.417243363283905,11.662779792358387,2.688651130706847,0.0,6.554088206761893,2.1026655633870917,5.60044665728708,5.613450253165433,6.372953253664269
2024-05-22,42.41577300256653,17.050137140022724,11.65356812402149,2.6832643546119725,0.0,6.5570451734930355,2.1124016043459326,5.555501277352281,5.607458018648144,6.364851304937893
2024-05-23,42.46442401636985,17.073461561964322,11.646687461430131,2.7498744585494075,0.0,6.410554416727017,2.16255571289753,5.531485351887894,5.5993769845797825,6.361580035594066
2024-05-24,42.32122013906932,16.848392022548857,11.607690451005773,2.7477982999908805,0.0,6.869363795891363,2.1570126906745033,5.51558376298376,5.592756527935994,6.3401823098995465
2024-05-27,42.05152961016629,16.852364016765073,11.6281722321296,2.81752529894825,0.0,7.034617508839733,2.2013495837322146,5.54689358650744,5.536444016171786,6.3311041467396105
2024-05-28,42.016722634117585,16.997308726370086,11.58506237342153,2.8868240909530236,0.0,7.020157936871171,2.1689309826464895,5.491661976822264,5.523326354981724,6.31000492381613
2024-05-29,41.82066334997799,17.077311881982055,11.503471161557606,2.862646625483235,0.0,6.993841427540424,2.2580788120466986,5.704668233712849,5.501157486545205,6.278161021153932
2024-05-30,41.94381896982012,17.023342548749635,11.49475592938275,2.767227600498848,0.0,6.987544056740296,2.293361603176066,5.724280118652435,5.494693291481765,6.270975881498081
2024-05-31,42.00982035932051,17.0991020446292,11.507669881741556,2.8890549457558956,0.0,6.996404419257643,2.0484028507312275,5.684896000018729,5.500961916507545,6.2636875820377
2024-06-03,41.903986674686514,17.156731325745028,11.496878751733961,2.947738388107933,0.0,6.9855826644982955,2.084282680556062,5.675184011967993,5.498939267118675,6.250676235585535
2024-06-04,42.00436971516272,17.119831878844,11.447028987960973,2.923394948765799,0.0,6.961595056205532,2.11150228324441,5.729804541629789,5.480298365169918,6.222174223016861
2024-06-05,41.73709351769707,17.213732797786033,11.385272842317995,3.311237468377362,0.0,6.924037601022127,2.026364531030904,5.759700058427358,5.454192251286302,6.188368932054848
2024-06-06,41.85046134835939,16.90285066107746,11.419841910429044,3.3894143272879664,0.0,6.945108573307192,2.006038118641443,5.78931058643238,5.471038030266998,6.225936444198126
2024-06-07,41.85487264566033,16.867666939991427,11.422867342340087,3.425761653446173,0.0,6.947671571589225,2.019808830934059,5.750025563859415,5.48218784178376,6.229137610395521
2024-06-11,41.97767593325204,16.84752918364015,11.370594756453617,3.4663461542787544,0.0,6.906698737859104,2.011403309895992,5.759531572243148,5.459373482061687,6.200846870315506
2024-06-12,42.10132082275918,16.857510315033075,11.383162109130618,3.508482593426533,0.0,6.907613950936212,1.8272014802359058,5.749006710210359,5.4597225426284375,6.205979475639684
2024-06-13,41.98442463421121,16.98349070196154,11.364020473913133,3.473315431495541,0.0,6.880655364030479,1.8721671362033412,5.740048552940242,5.5060976378660715,6.1957800673784424
2024-06-14,41.99937773063772,16.9895395111649,11.367689474297324,3.4574304011924233,0.0,6.889018286196996,1.8558537395221089,5.741667231135607,5.501436880698328,6.197986745154597
2024-06-17,42.05451964653913,17.08978536573688,11.337078844477794,3.4136381724910425,0.0,6.872826270065375,1.830667069744564,5.711111429516706,5.503840236808854,6.186532964619655
2024-06-18,42.0283245454712,17.078389057602152,11.335567523256678,3.4548318181146107,0.0,6.869259479200986,1.8612764453936608,5.691134543446562,5.49961477689783,6.181601810616323
2024-06-19,41.983313137826556,17.118094929017346,11.317513771281078,3.4629741167962727,0.0,6.868434943404256,1.8295641164063403,5.757351500683087,5.490808686983094,6.17194479760197
2024-06-20,42.01008267762723,17.13676677229119,11.316017654594578,3.467597126879682,0.0,6.865833372782039,1.8768841657598365,5.665747634327254,5.4900828305215965,6.170987765216591
2024-06-21,41.973509534762314,17.210191125609843,11.344570537019957,3.2519445208388786,0.0,6.827316291528236,1.8394561384426324,5.727489704437549,5.499030591475678,6.326491555884911
2024-06-24,41.98229945816385,17.235325930481178,11.323065103952597,3.228833405581684,0.0,6.836875267768548,1.8579996576563844,5.719503835949034,5.502728422128389,6.313368918318331
2024-06-25,41.95931236609007,17.166560750618054,11.311563593039955,3.261763632412392,0.0,6.841922251957615,1.9254285573375958,5.722205883986745,5.504992299214533,6.306250665343044
2024-06-26,42.0380656265472,17.195804107512537,11.300372094274218,3.175242056829894,0.0,6.835152952222151,1.9450401200933787,5.713114921125445,5.504243676385153,6.292964445010024
2024-06-27,42.013828346687546,17.20356526466712,11.270002401808014,3.193227475348378,0.0,6.816830366584075,2.0494022801187515,5.69560571038787,5.493761536482444,6.2637766179158
2024-06-28,42.0009160310901,17.241336851146357,11.298100365702016,3.140268713804163,0.0,6.832604624201504,1.9884720522742458,5.71168458657624,5.508162933760713,6.278453841444659
2024-07-02,41.965719092713606,17.261345068097082,11.244645269971187,3.206845546355283,0.0,6.8071491960476465,2.0427810417736874,5.675544892664649,5.58714405496922,6.208825837407639
2024-07-03,42.091081470097045,17.247684633848674,11.192370600036561,3.2314882235393814,0.0,6.80328241572229,2.04207870043446,5.642180578697148,5.562100867506552,6.187732510117885
2024-07-04,42.036124967213425,17.38742253310901,11.15862906462977,3.2639518656829973,0.0,6.751446826331859,2.0449665178409697,5.6259185675635335,5.544348985391316,6.187190672237124
2024-07-05,42.139557458257386,17.351703783325327,11.192271289973196,3.180907947612857,0.0,6.761104052594819,2.025457286913057,5.584182065572708,5.561064680201925,6.203751435548725
2024-07-08,42.17066302020254,17.292380001845352,11.20633404324122,3.1791299306071585,0.0,6.770344303869683,2.00886176937919,5.595715753930034,5.576667519487539,6.199903657437282
2024-07-09,42.23604211093625,17.282573578600545,11.226373224844197,3.1839284347165675,0.0,6.772423996106842,1.894466810487584,5.611926962512399,5.577308983771837,6.214955898023782
2024-07-10,42.24596263724874,17.326213797753063,11.224844077748623,3.1266782840326086,0.0,6.772667706187216,1.8942087646910566,5.6110692658505466,5.576549297124793,6.221806169363357
2024-07-11,42.20493266713893,17.325880128515355,11.209387503344086,3.2247159559783993,0.0,6.761897687926408,1.8939296008987188,5.611122221183419,5.568870406573213,6.199263828441478
2024-07-12,42.29300537771816,17.254902474899364,11.221916696485545,3.191779002197902,0.0,6.771103742727001,1.8602109595491314,5.620895771356335,5.577412780322051,6.208773194744507
2024-07-15,42.29660994045263,17.27800198029745,11.259651195215518,3.161504759330444,0.0,6.7592678714820815,1.9055536111770497,5.645039318187329,5.5959331730723125,6.098438150785183
2024-07-16,42.097567053727374,17.227163167333124,11.218861153176697,3.252943614180244,0.0,6.7321226633390365,1.8639022225867958,5.674309411271754,5.859583726902252,6.073546987482725
2024-07-17,42.21417902766993,17.18877601019175,11.217338648164583,3.4379250486589936,0.0,6.735686062371153,1.9198917294482212,5.3520339716932135,5.859954414650029,6.074215087152127
2024-07-18,42.258959716196465,17.3309304215848,11.204170221931108,3.261229959313973,0.0,6.723585858085192,1.9651359127338137,5.340929748516208,5.8517549909193,6.063303170719143
2024-07-19,41.13623227421739,17.34367352328544,11.183720196203144,3.334642790737664,0.0,7.755654992784555,2.0036015619783925,5.342565764280889,5.848044295360702,6.051864601151824
2024-07-22,41.388289819731376,17.27220681286784,11.11928534413379,3.308731425954238,0.0,7.712218266819269,2.046665143344625,5.31520337558518,5.813103492574401,6.024296318989282
2024-07-23,41.50324015097387,17.261352381185432,11.022990890373844,3.4014446881660243,0.0,7.647948400080875,2.128049757444348,5.296927208586754,5.764501623467474,5.973544899721374
2024-07-24,41.318606201419044,17.410698643672855,10.978399410059618,3.2787592258436256,0.0,7.733855941794348,2.0796203534266713,5.496771581206963,5.74118239339457,5.962106249182303
2024-07-25,41.371379459584496,17.3060464807068,10.97436972705962,3.2493312150045397,0.0,7.732385095723256,2.117204068175266,5.539986153796366,5.741218117786979,5.968079682162679
2024-07-26,41.4121362810676,17.291065185116764,10.949003273334911,3.2699344167295994,0.0,7.714557744156496,2.139741725449269,5.531275122366934,5.727492795868874,5.964793455909549
2024-07-29,41.486700780381476,17.293063541253353,10.91749553926057,3.2448297999246534,0.0,7.698708204243969,2.196907720384025,5.500706384623578,5.707835654546286,5.953752375382091
2024-07-30,41.4327030958096,17.32624243277696,10.921711530240888,3.2720845485374053,0.0,7.702815656048993,2.190404831124586,5.490306205050004,5.707317148985499,5.956414551426067
2024-07-31,41.415867170166884,17.335848997290977,10.917787729745584,3.2777586432552344,0.0,7.697780201714977,2.221008313142667,5.4755870362962735,5.704722360976019,5.953639547411379
2024-08-01,41.37590457404014,17.353049634120428,10.878918134301383,3.2856157052973116,0.0,7.673176926529797,2.2373736662059653,5.487326270781313,5.772575706090127,5.936059382633532
2024-08-02,41.399676573944575,17.344775203173484,10.902128088544947,3.324786239516038,0.0,7.684791330425105,2.140727488821907,5.470586971646198,5.786250285355781,5.946277818571963
2024-08-05,41.37788789207947,17.28161994530915,10.898178841513745,3.4046337785684786,0.0,7.7015234044935905,2.1562529662911416,5.447097082862777,5.786418262461022,5.946387826420621
2024-08-06,41.52571791784157,17.112835128353677,10.916231025972225,3.536280235342162,0.0,7.723510115758627,2.228953691070499,5.20506117912543,5.798668231778718,5.952742474757094
2024-08-07,41.57056656156083,17.165052283613118,10.860840090458215,3.544622697218817,0.0,7.6867543663805895,2.205740395983537,5.262963945993956,5.777135103251721,5.926324555539207
2024-08-08,41.512564524452934,17.240730675155216,10.879232900131369,3.546063928204741,0.0,7.6884966363631415,2.220676524051441,5.186697160784062,5.789176877244196,5.936360773612901
2024-08-09,41.42447941676446,17.22555859749006,10.862175422744203,3.549612933935103,0.0,7.672834425586244,2.2028550559048705,5.37472102860448,5.756200591572845,5.931562527397731
2024-08-12,41.4937108244885,17.251949525073485,10.88026975039835,3.5592748994586145,0.0,7.685661083459179,2.2162358149344716,5.222874567249987,5.746592735046565,5.943430799890844
2024-08-13,41.42113470274226,17.33551771638428,10.895063783074008,3.550364604728362,0.0,7.646257864890847,2.1966795474653784,5.260913409587487,5.742963286334823,5.951105084792556
2024-08-14,41.390348705396505,17.307403117100723,10.902027057553774,3.5058813940406006,0.0,7.653407695511266,2.2976980831190787,5.2189264705860055,5.769263133615065,5.955044343076983
2024-08-15,41.294590196140675,17.31367828291925,10.87640040732883,3.5494753133091166,0.0,7.635688267288843,2.4371459402777336,5.197131540274338,5.754843825298682,5.941046227162537
2024-08-16,41.2879860817488,17.31503636107939,10.873935641637601,3.566276391033835,0.0,7.637343561200289,2.4502265788095654,5.197353194629162,5.753539685961423,5.918302503899939
2024-08-19,41.22765457855061,17.323237549137787,10.879426397755084,3.5639671583881474,0.0,7.642374300377801,2.4686264978225747,5.200609889582056,5.780942391323052,5.913161237062892
2024-08-20,41.175583568383146,17.5324324467321,10.888312267458938,3.489854106663987,0.0,7.626693380840057,2.4178922107033567,5.194596714475889,5.782409494927242,5.892225809815287
2024-08-21,41.123153534474,17.547192315814662,10.917660646118724,3.4807686016415746,0.0,7.649244627708461,2.3827569328042513,5.157971681197637,5.841120902306884,5.900130757933805
2024-08-22,41.19066871720493,17.42706530305641,10.931067127015606,3.488627824094697,0.0,7.660906582588545,2.380282727698,5.166392928253667,5.848293581357042,5.906695208731107
2024-08-23,41.210736695356026,17.423492235601046,10.922398161646152,3.5121149442816995,0.0,7.644900847888554,2.4481784506256132,5.1177231628446895,5.825382175678397,5.8950733260778225
2024-08-26,41.102150731890404,17.50374559132119,10.892935748338518,3.5668551410481024,0.0,7.624279256810938,2.4455993316474265,5.176136467490604,5.809668610324458,5.878629121128358
2024-08-27,40.97503118657533,17.459775991056713,10.857550116206104,3.5590544630799887,0.0,7.599511834392472,2.463031561303735,5.435536179803432,5.790795938989044,5.859712728593187
2024-08-28,40.98764573409298,17.457298240355527,10.860355048289732,3.523003559723681,0.0,7.601475087090923,2.463577687617371,5.461016203884449,5.793419073985367,5.852209364959966
2024-08-29,41.01651469628786,17.38108978048594,10.864263843077799,3.5305407185770923,0.0,7.608721166678567,2.5002753647215687,5.45774986668577,5.788648700682966,5.852195862802436
2024-08-30,41.064196349067146,17.3860832945511,10.833958824947644,3.5656237814539873,0.0,7.593119257319758,2.519072408177002,5.427323940208305,5.769128500254237,5.841493644020819
2024-09-02,41.03299183175386,17.398266601861774,10.831883450765151,3.5401186329611063,0.0,7.592878829634604,2.430318467050478,5.559253440486188,5.7735094010011885,5.84077934448565
2024-09-03,40.96421633454749,17.589365615379148,10.876260379756758,3.5733986858742655,0.0,7.623628983964167,2.324161379669678,5.398425258140101,5.787419533483946,5.863123829184451
2024-09-04,41.05496837340496,17.422907604275235,10.845748867964659,3.619003277021341,0.0,7.609404152803558,2.338947079590388,5.484269204800063,5.777940483179459,5.846810956960337
2024-09-05,41.21766685101934,17.517016493715577,10.873745572489911,3.6168293691187237,0.0,7.631620836950999,2.363274578473347,5.127435599650024,5.791139301386753,5.861271397195334
2024-09-09,41.18575696384467,17.511450394357965,10.867208589159462,3.613526710810871,0.0,7.6281161172940735,2.3674052019493583,5.168402918771319,5.800295068575001,5.857838035237283
2024-09-10,41.20192492074744,17.486471688318435,10.871629516943262,3.6362630227634356,0.0,7.630090554891796,2.3737864550663046,5.137545018254642,5.80265470724509,5.859634115769603
2024-09-11,41.136685274222415,17.540464168342773,10.856449645231887,3.709459049110285,0.0,7.6085603652373655,2.389048354537535,5.1220753052470185,5.79613064929301,5.841127188777706
2024-09-12,40.907795917493566,17.41319009966159,10.793795258193514,3.7272757122117013,0.0,7.5588224398916,2.3775918170962433,5.651252166790563,5.762725037784526,5.807551550876698
2024-09-13,40.94854881217665,17.410702697000527,10.800199769758523,3.7147458229717434,0.0,7.519811972114912,2.3785660251646594,5.653989747752829,5.766127240990479,5.807307912069679
2024-09-16,41.022386369783106,17.577548438935146,10.849770757362325,3.696508591234563,0.0,7.552073229113736,2.382317607864154,5.31508028520076,5.77111843698387,5.83319628352234
2024-09-17,41.00897832917545,17.64928625027485,10.860386757459276,3.733236802175948,0.0,7.559462584329195,2.336154455505707,5.227668315914783,5.776765210105317,5.848061295059472
2024-09-19,41.003490967014436,17.644751040611304,10.861538193968185,3.733632606233982,0.0,7.565001190431786,2.3364021385386042,5.230478342662696,5.777377672489472,5.84732784804954
2024-09-20,41.03273038657728,17.516499002841172,10.891561478307487,3.7439530517688246,0.0,7.583876427336294,2.3428603827102497,5.244800623483976,5.7915377916076425,5.852180855367075
2024-09-23,40.86000645537542,17.775773546182304,10.901994030108497,3.7490058797735646,0.0,7.588315211005256,2.377881331924774,5.068576217107194,5.8308888026304695,5.847558525892519
2024-09-24,40.703844388214364,17.771003662941084,10.899312459468215,3.9575529202105386,0.0,7.590159124039084,2.36020277496594,5.041244127716548,5.822276477274438,5.854404065169792
2024-09-25,40.0951467532774,17.716350567751277,10.92003696159893,4.120989679966441,0.0,7.605272470454335,2.3367227360336784,5.162655790927265,6.177697736966413,5.865127303024261
2024-09-26,37.42483471740316,16.680064033310032,10.227606977155327,9.566688231820823,0.0,7.110421533835389,3.1687599500341856,4.69836824092292,5.6917285621261975,5.43152775339197
2024-09-27,37.68442054259205,16.448550649000566,10.14781796967993,9.706267148478345,0.0,7.0505820841520395,3.190427336903078,4.753139893383943,5.624870156474831,5.393924219335214
2024-09-30,37.25598505527495,16.333655521212957,9.992596462641137,9.632032216712554,0.7295677733919842,6.933051725522178,3.460959561294188,4.971962742445503,5.477899634338186,5.212289307166366
2024-10-02,35.576744965220165,17.53959065709491,9.555694485499018,10.508752122428655,0.6976256709182477,6.594810890104743,4.241941105286656,5.016707809803184,5.281067835345843,4.987064458298582
2024-10-03,32.686603619959605,18.76665743665085,8.858280374127277,12.365456729079714,0.6467100636756877,6.137037105899677,5.581079172629052,5.353056707917727,4.905839221124335,4.699279568936075
2024-10-04,31.850834301336178,22.34303027221809,8.197655750265147,11.421899575422778,0.7287251495542895,6.014270231187747,5.155209971528238,5.11569901460303,4.887280591397961,4.285395142486541
2024-10-07,30.762336342754715,22.456445041052238,7.735267648878113,10.773801788565567,3.8674426641237902,5.466152815112913,4.862694689698857,5.286232758485161,4.647558119978585,4.142068131350056
2024-10-08,30.759749222372935,21.633395209376165,7.739452686112672,10.77918344547585,3.9141614411425003,5.515587544609593,4.865123670201096,5.363962481713774,5.237360936175795,4.1920233628196195
2024-10-09,29.51435345350814,22.82049539832457,7.305778588776919,10.168091666789682,4.632044826141058,5.841540093366914,4.589310841503094,6.087724678856057,4.983617205207644,4.057043247525922
2024-10-10,30.33030677163964,23.783481447769102,7.307561483702192,7.480437395335598,5.583456800447518,5.635913711736595,4.725638675815926,6.314017580546569,4.705634874576852,4.13355125843001
2024-10-14,30.881848757510088,23.570142011814777,7.380923141499498,7.433083844517534,5.670028971398268,5.252967417879612,4.747879015030895,6.349739102433408,4.488381813321751,4.2250059245941705
2024-10-15,30.860438006776715,23.59280791033581,7.482652633035783,7.0115150666803725,5.7481776193652445,5.348393250917433,4.640093685559217,6.508413879369483,4.528397122456714,4.279110825503228
2024-10-16,31.151664300957854,23.289693891388783,7.538123312506921,6.7265389832767415,5.7912705841975844,5.3623200649102385,4.753449228709435,6.464754732231041,4.605304135990443,4.316880765830958
2024-10-17,31.725160191368122,22.975221408266822,7.675754643389515,6.647670493531871,5.89700781413675,5.464714394940865,4.671315372019077,6.151536241793677,4.408018637405417,4.383600803147883
2024-10-18,31.901752195651667,22.86962163875431,7.707726973616758,6.37358430212527,5.915437262466214,5.480675084239552,4.782519527221558,6.12978774060272,4.435846341599624,4.403048933722334
2024-10-21,31.87561602753496,22.77470670843743,7.6995855200870915,6.605573926065304,5.909188953756673,5.476991527390156,4.778712061204903,5.953818265555428,4.497580622693611,4.428226387274445
2024-10-22,31.786714160256523,22.6810937578057,7.685064214046271,6.237921458237432,5.898044309538269,5.451027713831366,5.015963387543012,6.32590014672317,4.493173992115206,4.425096859903052
2024-10-23,31.791161682442738,22.770522511321737,7.666607794135623,6.388522268000572,5.88217356622467,5.291774553461664,4.972869556753163,6.321993354609439,4.496802783966052,4.417571929084345
2024-10-24,31.887541256519867,22.702847290227023,7.684837585492672,6.272853484552063,5.896160299303705,5.2518353604892845,5.013501688133978,6.3532281600305565,4.509277925725009,4.427916949525841
2024-10-25,31.880644978023696,22.766367490367006,7.6801278253856,6.086147435489934,5.893157009829976,5.23955966944739,5.083900569309753,6.395424363498872,4.530874384606601,4.443796274041171
2024-10-28,31.759548073894102,22.61601126840838,7.646620891685065,6.198369640974239,5.86744628916169,5.612277057724524,5.009169106105783,6.342814647606815,4.529511111082109,4.418231913357299
2024-10-29,31.12501164029986,22.567577868180603,7.664587172282715,6.076499264827094,5.88123227226664,6.317761495905209,5.071613042481433,6.332634281910175,4.539073987423933,4.4240089744223425
2024-10-30,31.27608964790618,22.49093617364374,7.700015188739845,5.793902819350304,5.908417088493084,6.354428148601894,5.044752843490024,6.406594326474731,4.5804694904334236,4.444394272866775
2024-10-31,31.57200277041489,22.519303523657687,7.7510494076813,5.645235858614979,5.947576939986953,6.393879017182591,4.715098370403808,6.357416523090392,4.608965630825792,4.489471958141604
2024-11-01,31.650505369033194,22.549468892491184,7.7744573175362515,5.734425958966349,5.965538423335083,6.265426704540918,4.7370028628876995,6.235552964939347,4.566523867692177,4.521097638577793
2024-11-04,31.56809084873481,22.336069843969533,7.764112673161283,6.1163892455874,5.957600715148634,6.2535841723527845,4.698890379687808,6.23330266856673,4.557874619337051,4.514084833453967
2024-11-05,31.535299822546865,22.540547967932874,7.766778090859042,6.118521174589917,5.959645957799122,6.115225883380558,4.6598995481857175,6.236504311328071,4.55902107058812,4.508556172789717
2024-11-06,31.60079865848731,22.462388437321223,7.782615901831223,6.2547346514276,5.971798712137736,6.126760935047335,4.463292192734436,6.252155459175225,4.568930265408651,4.51652478642926
2024-11-07,31.675466908974613,22.371882946563325,7.819584637230716,6.069991583941826,6.002652392012972,6.172998149859383,4.423094642562261,6.324998117426986,4.585568544131016,4.553762077296898
2024-11-08,31.423908199564814,22.265332567016543,7.781487967282026,6.459070046320166,5.973407735473744,6.0946132539336935,4.617256338419204,6.273769649464827,4.569419586559599,4.541734655965385
2024-11-11,31.46898391373032,22.29409281836456,7.814004839024334,6.375860332871872,5.9537772259885475,6.120987836299414,4.541149341190406,6.272168851027689,4.619278217325422,4.539696624177436
2024-11-12,31.42263157922487,22.263059200560253,7.805145714809,6.526030424745688,5.947027133931778,6.502434202264517,4.576854613903963,5.8139839731939045,4.609868397105482,4.532964760260545
2024-11-13,31.213694716934704,22.10466061332858,7.752553061841269,6.399325369778406,5.656351189866548,7.442449332933833,4.582320243898801,5.7518361682745045,4.594741993143651,4.502067309999703
2024-11-14,31.151147627992863,22.24643497660664,7.706772941315017,6.6289294073437395,5.624114884090227,7.401982493520927,4.525696965446854,5.683180805588563,4.57823544861394,4.453504449481224
2024-11-15,31.165671860800426,22.063164306719894,7.711932615548559,6.617355110576234,5.626714048670883,7.40834364395002,4.673048216305288,5.685711386272821,4.591441499511352,4.456617311644522
2024-11-18,31.202249279885987,21.82391452509142,7.6856307711587055,6.741493598634031,5.607523922834467,7.72452920992619,4.680967252066113,5.56700759567624,4.580878423798377,4.38580542092847
2024-11-19,31.29014021074935,21.86094813679292,7.7193275944393,6.64011839333175,5.632576368048192,7.685480571134197,4.690330466642035,5.4807971372149105,4.599744496293823,4.400536625353524
2024-11-20,31.390022918360778,21.923194559809914,7.697978267796033,6.5984630754453875,5.616998364491092,7.645751774736591,4.693789581366435,5.46088504215474,4.587022993478256,4.385893422360776
2024-11-21,31.350549356366198,21.839020777253868,7.689673503137424,6.772561450491368,5.610938611152993,7.635941687634312,4.702621445096036,5.446197386862965,4.570919647815204,4.381576134189633
2024-11-22,31.338657615707298,21.880068417548635,7.695928011149333,6.725950886023228,5.6155023498453405,7.635845248528936,4.713048997324343,5.450499544279803,4.563537437742364,4.3809614918507185
2024-11-25,31.3266723860752,21.863770849215886,7.690722569326919,6.808707357699431,5.6117040852639395,7.630680446032264,4.680536072978215,5.449490392131895,4.559781334177691,4.37793450709856
2024-11-26,31.51218393759434,21.787014126323708,7.703852709904754,6.735271486021165,5.621284779776911,7.6285096389780565,4.56119218705187,5.4528871875264695,4.554953962010951,4.442849984811778
2024-11-27,31.652834785653255,21.76993443845191,7.739382844803096,6.6687570445362105,5.647210120518522,7.6644621340469055,4.326704967336755,5.490802427188913,4.567140282497658,4.472770954966779
2024-11-28,31.664940472743453,21.76401283013282,7.742885955612663,6.676561699549334,5.661498604822488,7.684015427977709,4.347042440547929,5.4428876612684,4.580947044637576,4.435207862707627
2024-11-29,31.536885413547246,21.71151117644979,7.730855805162899,6.7658192689489915,5.652702313571708,7.672911551575956,4.429998036149365,5.48609271771537,4.590525744173335,4.422697972705341
2024-12-02,31.597778608488735,21.761900190786253,7.7469795415212515,6.705162556588573,5.66428005713588,7.688916607757672,4.353971993452469,5.458720760063548,4.598319274858057,4.42397040934756
2024-12-03,31.756573715545084,21.80138337905731,7.7650072100736,6.634307406930557,5.677461163773692,7.441435574291208,4.3742622411137,5.5131531842373,4.612309184653023,4.424106940324527
2024-12-04,31.68872759875519,21.95546855968628,7.779908883052311,6.512562999035616,5.68835666809494,7.449561142715094,4.355192902263367,5.516334270657921,4.621451370942622,4.432435604796655
2024-12-05,31.69600708557965,21.868939413633235,7.791189217449196,6.498546713118055,5.696604395201956,7.461139071177617,4.331124111548127,5.541190739861017,4.6291875927105925,4.486071659720554
2024-12-06,31.769076497025157,21.772838516350525,7.811807596527876,6.4344746963468245,5.711679725245088,7.477646208864103,4.350112637696711,5.542747836819422,4.634917109144674,4.494699175979626
2024-12-09,31.849317467224303,21.57656482306881,7.829787229614622,6.4140676835623935,5.7248257102811975,7.496547653246088,4.349784241375574,5.615467496790299,4.639731649265828,4.503906045570879
2024-12-10,31.809207842555086,21.80875686809525,7.826285938457694,6.2537270737419455,5.723430426175286,7.476472865290678,4.256299032581761,5.719625329170394,4.634439589201278,4.491755034730625
2024-12-11,31.68359111467927,21.836261291180353,7.8331669401823305,6.353911838413308,5.728462562100683,7.491408642422496,4.2519066730140604,5.696671202263722,4.63249468508412,4.492125050659655
2024-12-12,31.75018183045995,21.635765261132885,7.894765977121067,6.302150737615269,5.738912637977135,7.545040276597953,4.269077231043281,5.680603158454709,4.662266826030508,4.521236063567242
2024-12-13,31.94765367972567,21.87492450778731,7.93993585639884,6.399521611089195,5.771747808999854,6.8058186075038805,4.294030451854059,5.725868662572989,4.694285020438491,4.546213793629712
2024-12-16,31.986869259932217,21.874326979257937,7.924664032925707,6.387607669801635,5.760646319609426,6.7825234792124185,4.290577310723057,5.767129752586513,4.685255943445767,4.540399252505326
2024-12-17,32.18409825524465,21.719645954236455,7.958219955150671,6.110788433641325,5.785039000367019,6.809094408357344,4.42094313496521,5.732839349174718,4.708136340155379,4.571195168707233
2024-12-18,32.192624963559965,21.709529711718396,7.961080670610254,6.12432793793088,5.7871185295325756,6.812864836118787,4.423359057478315,5.725177646557864,4.691078285116814,4.572838361376146
2024-12-19,32.341976709735825,21.801855819904763,7.991127434317033,6.01977664042486,5.808960310842731,6.837814524088963,4.473712880467936,5.425065237054278,4.70811949543929,4.591590947724321
2024-12-20,32.346353367440855,21.83235108124334,7.993080231765094,6.0167321518455745,5.81037985057153,6.833549535279217,4.369222042887733,5.4970127698319295,4.708771983799079,4.592546985335651
2024-12-23,32.364660870276545,21.838257390794983,8.002680748626107,6.05015389794963,5.817358718305475,6.841724093309389,4.380586536393253,5.400031866849796,4.714460948859636,4.590084928635187
2024-12-27,32.43103695747015,21.81192194264287,8.018084878759653,5.975451217912243,5.828798507965461,6.854978442580732,4.405288588586871,5.390233309992453,4.702081833934496,4.582124320155071
2024-12-30,32.53293301349411,21.889350899442338,8.041881322313966,5.974177057962135,5.846097486060802,6.86336338625143,4.155218668921134,5.402622776375651,4.715134910712909,4.579220478465531
2025-01-02,32.6533363563068,21.91930626651582,8.092035228762953,5.888169382106131,5.8825571917759305,6.8930911306662415,3.8903297972192314,5.442401025550259,4.732002877429531,4.606770743667103
2025-01-03,32.68182430118338,21.89378086306551,8.100612741779576,5.880109296001542,5.888792670176239,6.90093617942244,3.8330074938214014,5.453654991845496,4.755358362325557,4.611923100378853
2025-01-06,32.7258620590617,22.0409333761243,8.104051434470474,5.819692008087246,5.88884617427356,6.9021483952174805,3.759750603838096,5.382330929413291,4.751531711890185,4.624853307623667
2025-01-07,32.87501467064441,21.792283763519134,8.136301639186039,5.788762038564672,5.912280933565805,6.916540874164556,3.7558944367946747,5.408040677704022,4.771791903346221,4.643089062510457
2025-01-08,32.92651179057031,21.75073498797569,8.136278823907208,5.805063838015903,5.912264354738716,6.897510803153699,3.740038859281459,5.414883816102646,4.772792064957984,4.643920661296386
2025-01-09,33.15696012585689,21.610212144136618,8.178982062314228,5.678626963460286,5.943294858944628,6.935444436081098,3.6286427994614443,5.401055011829887,4.801238258223336,4.665543339691586
2025-01-10,33.09890815557343,21.639642781945177,8.207401726991339,5.679546396410235,5.963946138734892,7.012094629375151,3.658904791461273,5.312810731455085,4.745330656829813,4.681413991223604
2025-01-13,33.14462008878847,21.65579747328262,8.225758025699482,5.654164740906298,5.977284827450698,7.0264113071927605,3.680306616413831,5.188443660294853,4.7568660659471576,4.690347194023828
2025-01-14,33.16706920486376,21.641728496348136,8.226642222022463,5.695559513519037,5.97792733276745,6.990938232000042,3.667038230314248,5.183057538005482,4.757377387027995,4.692661843131388
2025-01-15,33.28483527896668,21.644651009734627,8.249955633198148,5.662096305138223,5.862636990047911,7.01160621148586,3.7075761780257297,5.158384729482065,4.7668854926458675,4.651372171274884
2025-01-16,33.29683750773684,21.633992360033798,8.280833616594002,5.67737421511321,5.884579702916107,7.099088957695924,3.4657317571690167,5.199319720511249,4.786446269664581,4.675795892565272
2025-01-17,33.3149782234278,21.592328560417652,8.284610943091533,5.639405572190097,5.887263971175538,7.163222611727668,3.4664182433512916,5.183011839834525,4.788629621143493,4.680130413640404
2025-01-20,33.26129002296695,21.682620878758144,8.30446278451385,5.534848738220938,5.901371215507218,7.177490766846846,3.4475863783251475,5.197845350755853,4.801138776963914,4.691345087141134
2025-01-21,33.25027229130867,21.620868190621202,8.335067159421108,5.461764163876667,5.923119494936331,7.205222497029018,3.4035656486086348,5.2787801127866345,4.816928817767803,4.704411623643927
2025-01-22,33.33955259938791,21.3800805178823,8.39406599795048,5.32834467552512,5.965045632301276,7.258175746284479,3.297403636652491,5.493558180781114,4.820178083079632,4.7235949301552065
2025-01-23,33.30511687756507,21.328155036946463,8.481012927921567,5.190129031645757,6.02683242370757,7.326243290058429,3.2193245683369307,5.533064432959149,4.8619712302272236,4.728150180631838
2025-01-24,33.35464669797334,21.279323419499445,8.477515919632822,5.211327379832258,6.024672572783718,7.322174419079695,3.226584507603156,5.516542454633625,4.858116618455652,4.729096010506298
2025-01-27,33.380879929523566,21.259326634264898,8.511078610353913,5.178124408674332,6.047896537592688,7.359305506671995,3.277860252802772,5.360439791775972,4.8769850894888815,4.74810323885098
2025-02-03,33.40856541223097,21.241856276380506,8.530060909543757,5.083085615128495,6.06390301442741,7.37098756345331,3.2288154407145284,5.532338300701274,4.818091549859581,4.722295917560166
2025-02-04,33.29316497366312,20.934660985841948,8.577417764001837,5.18710050737582,6.104541666442985,7.404227309632229,3.271178527619737,5.6317661947387805,4.869643057692627,4.7262990129909195
2025-02-05,33.34467693938687,20.93673086594439,8.588612091979627,5.193870155996296,6.11250866110833,7.389113749160231,3.275447719854463,5.56478944776225,4.865354779123634,4.7288955896839004
2025-02-06,33.54256841657535,20.242090627052438,8.717329078900725,5.273903579552618,6.206697576112566,7.474794523195947,3.3259197738000275,5.523712047940015,4.951315002403881,4.74166937446643
2025-02-07,33.736827938165824,20.32194895684825,8.791350429499296,4.9633581873090105,6.259400431905027,7.470674269739094,3.1267368054993083,5.566592210015122,4.9745218388327155,4.788588932186354
2025-02-10,33.966746016116865,19.794155118745167,8.903278339885514,5.0370692433393165,6.339092581163787,7.575233274252617,2.906370470040343,5.603682582962674,5.032521557337338,4.841850816156381
2025-02-11,34.139615596044884,19.164674143743472,8.981478728041774,4.837342562029758,6.397432452328089,7.731936817511641,2.9011943698736475,5.878236225592852,5.066949424399262,4.901139680434618
2025-02-12,34.06968314020066,18.935567239353247,8.984843291202145,4.720287673240677,6.250116087896866,8.168378765653449,2.9699430181611675,5.91931882286508,5.099368528584716,4.882493432841999
2025-02-13,34.2271906717641,18.787124657858485,9.034284102160802,4.684408793059027,6.28450854171673,7.9989821187998755,2.9836912463724574,5.961441581149407,5.126751962139277,4.911616324979836
2025-02-14,34.25934737585711,18.555908168149234,9.076138992265262,4.7635091994074426,6.313597733031531,8.068315105096623,2.9672065503077216,5.887723510594052,5.171258341679821,4.9369950236112015
2025-02-17,34.25960223181539,17.939255516057074,9.240510308892274,4.590814774532552,6.835631051466725,8.249543275099006,2.829930078616967,5.798428006781479,5.276663133885175,4.979621622853349
2025-02-18,34.048108886215566,17.603314911874715,9.321984325673048,4.751054208057876,7.079476068611291,8.311635242120323,2.748735527526983,5.908745340836434,5.246190770308899,4.980754718774862
2025-02-19,33.74053427484433,17.3278170261105,9.246214253531605,5.159081062738526,7.021348807446446,8.323208023560994,2.747294562165924,6.304842247615379,5.190608545160961,4.939051196825335
2025-02-20,33.468768259672764,17.22472288717425,9.169088565884168,5.427179124795365,7.0517197432778875,8.415132500273165,2.84659799304039,6.543007061241803,5.142352325381106,4.7114315392591015
2025-02-21,33.43437958441056,17.05027562507907,9.1463985208611,5.425857382048658,7.034269389590568,8.617439396418726,2.923094658169024,6.513945556181605,5.147485047878488,4.706854839362206
2025-02-24,33.53542618065003,16.996304146684437,9.163502336794629,5.0842650738903465,7.051533344937148,8.666529634769917,3.028481259075023,6.647688321523399,5.136948876033083,4.689320825641988
2025-02-25,33.07037926168866,17.498662764091222,9.148539394401647,5.558386088017695,7.045154641141027,8.718715963694608,2.913164518343376,6.3596979635420645,5.063771832812143,4.6235275722675615
2025-02-26,32.98128110972381,17.775525894673724,9.065007716431424,5.484393286782101,6.995671404285398,8.632333698466004,3.0528094069593292,6.403867655840482,5.024229139874461,4.584880686963268
2025-02-27,33.26856470431762,17.465561267630644,9.124926647401113,5.366532111507088,6.90468608461151,8.75224987454198,3.039367820031947,6.423744960175629,5.061250704184377,4.5931158255980975
2025-02-28,32.69220860804842,17.361396393925137,9.123232454688242,5.837650886878194,6.902539078428076,8.815658410848933,3.1010698368937257,6.500361236396113,5.084979636584978,4.5809034573081835
2025-03-03,32.62599994709461,17.095669386026664,9.102129752125027,6.358646612044332,7.134586405211187,8.602071175586955,3.304286333753171,6.336060870838728,4.885791074083897,4.554758443235429
2025-03-04,33.04770496759483,17.231714389500755,9.15982488421951,6.228691636573659,7.180709885012576,8.204921731417611,3.2792275646276456,6.377022064522365,4.5765533855274025,4.713629491003639
2025-03-05,33.22204622496908,17.06456822658084,9.165348544524255,6.2213103226366435,7.185400316860921,8.304522567335818,3.349800825934452,6.454788483911991,4.440344307874038,4.591870179371962
2025-03-06,33.27503169225536,17.033257309838685,9.17327308770589,6.263828304254421,7.191612957308985,8.139997633841167,3.377341424470237,6.502797468470672,4.450277519278852,4.592582602575722
2025-03-07,33.28591522743961,16.99424563557381,9.17854529523422,6.298603900482733,7.195656041035731,7.979751617891896,3.406122514039163,6.574828855094579,4.507848027250115,4.578482885958136
2025-03-10,32.74561237855537,16.790999021558704,9.101881186135694,6.748462401180112,7.135554081300143,8.042016378153443,3.6791230195536566,6.828968292136888,4.44821572268794,4.47916751873805
2025-03-11,31.992192718161245,16.29684543039443,9.262675354167222,6.793139515488966,7.262764126939955,8.174122984467852,3.8614124061662647,7.202999942995378,4.515285710582356,4.638561810636334
2025-03-12,31.96240916953824,16.326236220474257,9.203096744758788,7.024908374720185,7.214541797952026,8.01403720539597,3.9642713050865863,7.1335659506452185,4.538673277732965,4.6182599536957625
2025-03-13,31.765137707518377,16.314868143630125,9.132431678115706,7.285240808921853,7.159893479257685,8.056664790214967,4.199364777965293,7.218998512057209,4.503645296234569,4.363754806084214
2025-03-14,31.271717984779375,17.076604171666546,9.055312382804269,7.287095141073223,7.0994313855802185,7.8551982103177656,4.233331675558727,7.35451849719007,4.413589834254454,4.353200716775353
2025-03-17,31.296698401434668,17.050496778087478,9.079130548901668,7.2709041323781465,7.115726473592327,7.911605677203708,4.238649276482751,7.201960807323833,4.454172064454038,4.380655840141378
2025-03-18,31.658079198155026,16.938895030286393,9.103076672483425,7.204399981878723,7.135269022874752,7.963261088976795,4.147960212520749,6.976847782467976,4.48811823775036,4.3840927726058
2025-03-19,31.960718461856853,16.796292530603647,9.17582660640783,6.624741352266882,7.192472912045074,8.012000377405606,4.151239325844912,7.1406084859833,4.5260930017787775,4.4200069458071205
2025-03-20,32.00322758863391,16.839840886174947,9.272621124744328,6.212420968157331,7.270137179239293,8.042720319794519,4.015626401317172,7.226507958843202,4.572524750253133,4.544372822842157
2025-03-21,31.903018338096494,16.8054991764055,9.25914612623736,6.25345895258391,7.259754204694656,8.161078291028007,4.108822264856592,7.18910415146738,4.544095763082982,4.516022731547116
2025-03-24,31.811559447350863,16.821498329357695,9.201181222006173,6.213794702632802,7.2105398270462295,8.037966923536564,4.491032610401936,7.218338965598319,4.500763520504434,4.493324451564985
2025-03-25,32.1852013414072,16.982076967757838,9.247792141982838,6.567397444338062,7.243587644123571,7.30728142404827,4.513662218801183,6.930507097183924,4.507455653371001,4.5150380669861105
2025-03-26,32.21847614450778,17.047214614588817,9.29929774780015,6.661025393384026,7.2831099551306995,7.355147083014206,4.460970733004447,6.618833840379799,4.527313747892809,4.528610740297259
2025-03-27,32.04577694612015,17.2680217258016,9.253955113018295,7.102905533984857,7.247598091361232,7.33685853755315,4.10599790626668,6.606839278938594,4.525053766727966,4.506993100227475
2025-03-28,31.982497780865675,17.27032770926122,9.229467673746326,6.906941872214942,7.228419792356933,7.7043480474781685,4.130689704506698,6.5893565298170795,4.4583767956200235,4.499574094132932
2025-03-31,32.082066487603406,17.149937775559906,9.238110884233537,6.874378220481403,7.235219261171805,7.726903302355785,4.087918338695067,6.647340196237547,4.468470197529655,4.489655336131887
2025-04-01,31.90948301936477,17.129182303712216,9.18301799252435,7.154879009408832,7.193331955619309,7.685121348114686,4.139314202383846,6.691394200965867,4.44279228573508,4.471483682171047
2025-04-02,32.0801839338211,17.11886144136618,9.175164529257254,7.086402064232951,7.1871801035454626,7.622654251466344,4.107850996873971,6.704363686286929,4.443474239925712,4.473864753224093
2025-04-03,32.02341591081259,17.284125223926488,9.163230396331134,7.058666618181659,7.173279920615079,7.593346469650555,4.0521578577815385,6.732149766005048,4.4367919189032605,4.482835917792652
2025-04-07,32.04678918610745,17.189462879688264,9.141392050514796,7.04211095932432,7.1561841409862605,7.579559183617181,4.190629429184098,6.750734832286037,4.4309851768573765,4.472152161434213
2025-04-08,31.96754094127055,17.192721101649937,9.07543293182069,7.19899838554524,7.1021787157556675,7.508126925075883,4.343449187871842,6.74475550123154,4.44902252417714,4.4177737856015105
2025-04-09,32.01390367307515,17.368016057365395,9.16318543290964,7.749014475596923,7.17459169192744,6.830058963262534,4.540412180534155,6.186142400182567,4.511858239297242,4.462816885848954
2025-04-10,31.928598854218613,18.277197393194022,8.925332689665737,7.599399741687235,7.005165732621149,6.681114268413135,4.59876524566223,6.012245010934616,4.521082845340405,4.451098218262854
2025-04-11,30.970886809999463,18.36063959297689,8.92934721780331,8.131186606393328,7.000995546044026,6.6003998470503085,5.318521145916041,5.766217909954391,4.525480560211964,4.396324763650276
2025-04-14,30.42479091744838,18.237833465161376,8.826931651139343,9.148037057496575,6.920697299311001,6.487001589711502,5.468897913281063,5.630778412764395,4.487775392514661,4.367256301171702
2025-04-15,30.559190553439002,18.360107874186554,8.872474410217963,8.56747047419537,6.956404797931761,6.58835305971407,5.568703806751642,5.651044118153876,4.493134879317354,4.38311602609241
2025-04-16,30.481527844600464,18.314240483847257,8.856137059057176,8.675478093437379,6.942145222326588,6.5554242282815425,5.620850573784049,5.632097824561934,4.491731113721937,4.430367556381673
2025-04-17,30.487709755944298,18.41024733954716,8.840839094468143,8.70292893334276,6.9301534598826615,6.5546634993176545,5.575869583583039,5.603422068906964,4.487148453463117,4.407017811544206
2025-04-22,30.074918026061166,18.34952010065711,8.689603841066019,9.51381588115055,6.825861140791968,6.455840063416127,5.608403338123879,5.656058269161118,4.4648023116672215,4.361177027904843
2025-04-23,30.11613862800604,18.358294403844248,8.71478512068327,9.366959301799161,6.845641549790884,6.4754602828003245,5.589011607846716,5.681387140772731,4.47752179677679,4.374800167679834
2025-04-24,29.837777329088794,18.28862956275469,8.636282920060925,9.762841043819902,6.78255675803769,6.532686303546637,5.676203193608292,5.718206034518513,4.4315608782705835,4.333255976293972
2025-04-25,30.1370066198218,18.159812206710754,8.732093457289135,9.011123014495693,6.859237601395833,6.686281863302868,5.721951984916948,5.762528797244903,4.506337401699794,4.423627053122274
2025-04-28,29.964049673277554,18.20150523079213,8.69523753037512,9.303796045359407,6.830286518707653,6.723947306658902,5.762486371340611,5.646693535106312,4.495762430841014,4.376235357541296
2025-04-29,30.014413362599214,18.27541112950596,8.738600547058542,9.012314012875205,6.864349053196056,6.7577356096165095,5.734995842780104,5.688681856182417,4.516353582989293,4.397145003196699
2025-04-30,30.085870432804494,18.24212114915304,8.746351964865113,8.889775001020245,6.870466712308781,6.764270869917779,5.773720055175432,5.696864054948312,4.526932836912653,4.403626922894148
2025-05-02,30.097972362471715,18.2169272450747,8.756541440627466,8.740045255889816,6.878470786958686,6.825048992431457,5.830228242733345,5.703940784019561,4.539978237023374,4.4108466527698775
